epoch:1
trainloss:0.3945555061474442
validloss:0.4046054777668582
pixelAccuracy:0.9114752197265625
meanPixelAccuracy:0.8382295114026672
mIoU:0.7156154043484027
Dice:0.8342375599270119
iou:[0.92181914 0.70832099 0.57591381 0.65640768]
classPixelAccuracy:[0.96007347 0.83513859 0.7385062  0.81919979]
epoch:2
